  0.438911239929E+00 -0.276723766483E+00  0.131424942117E-16 -0.401975124063E+00  0.216311398270E+00 -0.124541178843E-16 -0.369361158494E-01  0.604123682021E-01 -0.688376327465E-18
 -0.276723766483E+00  0.300102793078E+00 -0.102717409573E-16  0.337136134697E+00 -0.317449389664E+00  0.102717409573E-16 -0.604123682021E-01  0.173465965953E-01 -0.134461991105E-34
  0.131424942117E-16 -0.102717409573E-16  0.180801458416E-06 -0.124541178843E-16  0.102717409573E-16 -0.196669125985E-07 -0.688376327465E-18 -0.134461991105E-34 -0.161134544457E-06
 -0.401975124063E+00  0.337136134697E+00 -0.124541178843E-16  0.803950248126E+00 -0.378734591648E-14  0.202698740935E-16 -0.401975124063E+00 -0.337136134697E+00 -0.781575620927E-17
  0.216311398270E+00 -0.317449389664E+00  0.102717409573E-16 -0.378734591648E-14  0.634898779329E+00 -0.385542999680E-17 -0.216311398270E+00 -0.317449389664E+00 -0.641631096047E-17
 -0.124541178843E-16  0.102717409573E-16 -0.196669125985E-07  0.202698740935E-16 -0.385542999680E-17  0.393338260296E-07 -0.781575620927E-17 -0.641631096047E-17 -0.196669159569E-07
 -0.369361158494E-01 -0.604123682021E-01 -0.688376327465E-18 -0.401975124063E+00 -0.216311398270E+00 -0.781575620927E-17  0.438911239929E+00  0.276723766483E+00  0.850413253673E-17
  0.604123682021E-01  0.173465965953E-01 -0.134461991105E-34 -0.337136134697E+00 -0.317449389664E+00 -0.641631096047E-17  0.276723766483E+00  0.300102793078E+00  0.641631096047E-17
 -0.688376327465E-18 -0.134461991105E-34 -0.161134544457E-06 -0.781575620927E-17 -0.641631096047E-17 -0.196669159569E-07  0.850413253673E-17  0.641631096047E-17  0.180801460803E-06